4.889290318493642435e-09
2.645502456428829905e-09
1.641601776743359805e-09
1.113544558666737787e-09
8.034343358091841219e-10
6.064051873841286370e-10
4.736500760329307639e-10
3.800458455328380538e-10
3.116179865909650938e-10
2.601013649532438663e-10
2.203583685180117421e-10
1.890612964999489085e-10
1.639788427252171886e-10
1.435699690774685952e-10
1.267428879086557437e-10
1.127066910628172335e-10
1.008771491713865048e-10
9.081516318012838404e-11
8.218559791299694401e-11
7.472909179672857422e-11
6.824241128856931487e-11
6.256447829938782680e-11
5.756630899457002127e-11
5.314362934442358759e-11
4.921141432147866497e-11
4.569977067084295097e-11
4.255082440258895450e-11
3.971631804578934557e-11
3.715576125308511702e-11
3.483497263438244599e-11
3.272494119202084818e-11
3.080091096008578455e-11
2.904165812726664350e-11
2.742889903776339304e-11
2.594681869935555881e-11
2.458167763565194621e-11
2.332149702185242654e-11
2.215579136243115420e-11
2.107535379896994651e-11
2.007207041144624859e-11
1.913877109812381813e-11
1.826909805332555673e-11
1.745740048792954684e-11
1.669863979472173901e-11
1.598831412286799985e-11
1.532238885567486880e-11
1.469724186848674750e-11
1.410961177968946775e-11
1.355655776785162033e-11
1.303542049759074003e-11
1.254379232725465397e-11
1.207948740530047156e-11
1.164051938883272631e-11
1.122507826491950316e-11
1.083151356219672905e-11
1.045831616591517391e-11
1.010410558995270171e-11
9.767615544162856817e-12
9.447684237414478905e-12
9.143242795704819155e-12
8.853307847916285526e-12
8.576972132430523426e-12
8.313398816019700580e-12
8.061813797272400333e-12
7.821501351125312293e-12
7.591797760281175192e-12
7.372087980461840047e-12
7.161800320478822041e-12
6.960403898022358110e-12
6.767404154835913133e-12
6.582340928282139307e-12
6.404784637293775906e-12
6.234334835777196161e-12
6.070616941493570731e-12
5.913281168020074189e-12
5.761999696459203015e-12
5.616465905938383188e-12
5.476391909228530714e-12
5.341508019148584121e-12
5.211560585201797005e-12
5.086311646825702989e-12
4.965537020829563523e-12
4.849026102832107039e-12
4.736580165019236808e-12
4.628012274968844097e-12
4.523145770824361725e-12
4.421814273354942700e-12
4.323860312027833648e-12
4.229135410909347100e-12
4.137498843703154869e-12
4.048817777928653190e-12
3.962966140834860446e-12
3.879824809349655851e-12
3.799280571865331085e-12
3.721226353890679353e-12
3.645560263189432239e-12
3.572185843009070104e-12
3.501011190078976405e-12
3.431949228844260595e-12
3.364916893482534086e-12
3.299835417823283654e-12
3.236629573895067112e-12
3.175227973219284951e-12
3.115562355507193074e-12
3.057567897786502108e-12
3.001182547767017252e-12
2.946347338015256316e-12
2.893005759363449445e-12
2.841104077849274521e-12
2.790590744130557963e-12
2.741416711337555134e-12
2.693534876996060046e-12
2.646900400297172096e-12
2.601470173486064721e-12
2.557203137350827026e-12
2.514059779412958651e-12
2.472002446654681037e-12
2.430994868164017770e-12
2.391002464362260246e-12
2.351991892073419242e-12
2.313931349659864774e-12
2.276790142700838843e-12
2.240538984572649297e-12
2.205149581125107956e-12
2.170594926354090582e-12
2.136848904641597082e-12
2.103886581258494030e-12
2.071683820886802096e-12
2.040217572762722192e-12
2.009465504318739207e-12
1.979406280830863805e-12
1.950019213160449753e-12
1.921284531844652447e-12
1.893183048008791241e-12
1.865696421864919616e-12
1.838806835951047464e-12
1.812497258037009444e-12
1.786751125924337053e-12
1.761552604785698860e-12
1.736886282828724643e-12
1.712737423116817270e-12
1.689091669460877705e-12
1.665935292787579777e-12
1.643254906676543776e-12
1.621037708353517689e-12
1.599271203337448192e-12
1.577943441151938391e-12
1.557042748593342987e-12
1.536557960260481701e-12
1.516478159991268201e-12
1.496792906316528049e-12
1.477491981647072877e-12
1.458565612762474148e-12
1.440004227361260304e-12
1.421798669698880266e-12
1.403939964141730315e-12
1.386419526070707141e-12
1.369228932105008093e-12
1.352360126388769986e-12
1.335805197173602401e-12
1.319556578607615486e-12
1.303606833393529025e-12
1.287948850202868996e-12
1.272575632131853614e-12
1.257480489849733241e-12
1.242656835597136301e-12
1.228098372184119330e-12
1.213798892292546439e-12
1.199752463437914388e-12
1.185953232352121289e-12
1.172395606020911381e-12
1.159074060936592847e-12
1.145983320321049463e-12
1.133118168050156406e-12
1.120473622169846208e-12
1.108044753305248643e-12
1.095826854575051135e-12
1.083815264308678485e-12
1.072005532461609408e-12
1.060393247476381151e-12
1.048974199312569819e-12
1.037744210303712474e-12
1.026699294887094102e-12
1.015835494292302583e-12
1.005149033063163201e-12
9.946361574357475483e-13
9.842932887448629171e-13
9.741168653566396693e-13
9.641034930493058235e-13
9.542497903720920303e-13
9.445525360874771234e-13
9.350085178343185587e-13
9.256146767162452842e-13
9.163679591526899550e-13
9.072654586955652696e-13
8.983042709573361697e-13
8.894816327356802918e-13
8.807947799127699056e-13
8.722410839652623108e-13
8.638179127337424956e-13
8.555227643961526745e-13
8.473531310267226364e-13
8.393066301172355838e-13
8.313808708191739596e-13
8.235735830667409001e-13
8.158824864106889362e-13
8.083054168114905184e-13
8.008401979804125466e-13
7.934847659090493917e-13
7.862370426367552497e-13
7.790950585806394925e-13
7.720568286518819713e-13
7.651204724482916448e-13
7.582840926450854355e-13
7.515458931102579044e-13
7.449040594983834065e-13
7.383568753470991109e-13
7.319026048053749342e-13
7.255396067676163777e-13
7.192662196705031475e-13
7.130808737194044818e-13
7.069819776905078468e-13
7.009680293024953013e-13
6.950375039660443773e-13
6.891889633663163141e-13
6.834209461121042774e-13
6.777320745663860738e-13
6.721209473239070501e-13
6.665862443351465178e-13
6.611266211581692392e-13
6.557408124227467181e-13
6.504275278043509612e-13
6.451855538736954482e-13
6.400136517426498337e-13
6.349106573430136038e-13
6.298753806959834633e-13
6.249067046626404317e-13
6.200034857902489531e-13
6.151646515756502586e-13
6.103891028433756718e-13
6.056758095618008531e-13
6.010237147096606567e-13
5.964318286836084965e-13
5.918991346112227066e-13
5.874246813873849975e-13
5.830074903933816758e-13
5.786466471983059922e-13
5.743412096452711129e-13
5.700902982529494298e-13
5.658930056330746674e-13
5.617484856352899761e-13
5.576558640665560872e-13
5.536143266044020944e-13
5.496230307736947899e-13
5.456811926583953686e-13
5.417880001017996733e-13
5.379426982478285767e-13
5.341445039319753310e-13
5.303926900821675324e-13
5.266865012687896926e-13
5.230252369942199713e-13
5.194081683713438960e-13
5.158346203299692686e-13
5.123038893942741682e-13
5.088153248333990131e-13
5.053682475092745551e-13
5.019620299978593615e-13
4.985960164797034905e-13
4.952696018574867138e-13
4.919821526626195891e-13
4.887330851939070312e-13
4.855217874143533408e-13
4.823476961350456869e-13
4.792102198771620842e-13
4.761088151243982104e-13
4.730429101260117731e-13
4.700119802403981594e-13
4.670154726557968782e-13
4.640528808472288506e-13
4.611236701939450924e-13
4.582273515722023007e-13
4.553634078461770033e-13
4.525313666154406120e-13
4.497307275578443596e-13
4.469610343516204723e-13
4.442218028497756746e-13
4.415125921960864274e-13
4.388329338112400989e-13
4.361824017213934372e-13
4.335605423369096823e-13
4.309669440115913583e-13
4.284011675954761303e-13
4.258628152422688464e-13
4.233514617182874061e-13
4.208667224750554954e-13
4.184081856970762434e-13
4.159754796560011767e-13
4.135682054804637871e-13
4.111860038077660078e-13
4.088284882595228234e-13
4.064953114062614496e-13
4.041860989332040237e-13
4.019005149327087243e-13
3.996381967449839298e-13
3.973988195928074576e-13
3.951820320825175023e-13
3.929875201949615497e-13
3.908149434325632847e-13
3.886639981800493924e-13
3.865343544838294019e-13
3.844257187956080361e-13
3.823377713695997046e-13
3.802702283958387282e-13
3.782227799978111392e-13
3.761951517726181439e-13
3.741870433825724747e-13
3.721981895152641382e-13
3.702282990570643937e-13
3.682771154845867705e-13
3.663443566084513499e-13
3.644297744072171138e-13
3.625330953301660825e-13
3.606540795844414599e-13
3.587924619859450507e-13
3.569480107100947226e-13
3.551204686802881961e-13
3.533096117923318040e-13
3.515151908302896795e-13
3.497369891743096467e-13
3.479747652340137823e-13
3.462283096491240032e-13
3.444973882308617842e-13
3.427817986644893437e-13
3.410813139495099737e-13
3.393957386129230071e-13
3.377248526393183824e-13
3.360684672033641311e-13
3.344263690811847034e-13
3.327983759103273361e-13
3.311842810740845291e-13
3.295839084969153975e-13
3.279970579936577885e-13
3.264235596081187437e-13
3.248632194193845322e-13
3.233158734310367634e-13
3.217813338270312961e-13
3.202594424187602129e-13
3.187500173432018462e-13
3.172529060729605264e-13
3.157679325404298706e-13
3.142949497103615742e-13
3.128337871308480902e-13
3.113843030843099154e-13
3.099463325605463698e-13
3.085197389924654922e-13
3.071043626447936830e-13
3.057000719406694175e-13
3.043067122598121889e-13
3.029241568619101012e-13
3.015522560882358065e-13
3.001908878875797206e-13
2.988399074154996675e-13
2.974991971683608719e-13
2.961686169745857082e-13
2.948480537422043560e-13
2.935373718366396776e-13
2.922364624470064220e-13
2.909451943451374570e-13
2.896634628757137032e-13
2.883911410913906706e-13
2.871281283717017095e-13
2.858743019292941503e-13
2.846295650623960362e-13
2.833937990273294951e-13
2.821669109291930369e-13
2.809487859559557963e-13
2.797393349118752021e-13
2.785384468086109855e-13
2.773460360457779708e-13
2.761619953546392556e-13
2.749862426300820924e-13
2.738186742225698594e-13
2.726592114257061681e-13
2.715077541122472673e-13
2.703642268813221737e-13
2.692285330344056549e-13
2.681006003861541851e-13
2.669803355750488643e-13
2.658676695352480225e-13
2.647625121329300821e-13
2.636647973082684622e-13
2.625744380402347659e-13
2.614913711636874426e-13
2.604155126589153095e-13
2.593468021474462147e-13
2.582851585026936009e-13
2.572305240280107338e-13
2.561828203848803103e-13
2.551419924566768097e-13
2.541079645909072574e-13
2.530806841520742789e-13
2.520600780745486802e-13
2.510460961078678776e-13
2.500386676768803774e-13
2.490377448227494805e-13
2.480432593670793162e-13
2.470551655518432314e-13
2.460733975042454125e-13
2.450979115787409136e-13
2.441286441194528348e-13
2.431655535074002057e-13
2.422085782173259297e-13
2.412576785732176362e-13
2.403127950964454737e-13
2.393738899726148517e-13
2.384409056879594100e-13
2.375138062105256434e-13
2.365925359118041920e-13
2.356770604652114562e-13
2.347673260499747120e-13
2.338632999698519947e-13
2.329649301363156768e-13
2.320721854104179180e-13
2.311850153623474846e-13
2.303033903393293854e-13
2.294272614986521250e-13
2.285566006043127845e-13
2.276913603299318417e-13
2.268315137864131925e-13
2.259770150924785813e-13
2.251278386368963499e-13
2.242839399139480253e-13
2.234452945230256083e-13
2.226118592662098315e-13
2.217836108880225728e-13
2.209605074323132097e-13
2.201425267249389342e-13
2.193296279871666611e-13
2.185217900640441764e-13
2.177189732915393193e-13
2.169211574733509613e-13
2.161283039990162956e-13
2.153403935719069583e-13
2.145573885755415188e-13
2.137792705554998112e-13
2.130060028311914272e-13
2.122375677344126173e-13
2.114739294638248928e-13
2.107150710828804478e-13
2.099609576142632617e-13
2.092115727999019982e-13
2.084668824326402624e-13
2.077268708810474279e-13
2.069915046555835660e-13
2.062607687009187013e-13
2.055346301938630805e-13
2.048130746059005617e-13
2.040960697301568588e-13
2.033836015168522891e-13
2.026756383265787121e-13
2.019721665413764813e-13
2.012731550415960709e-13
2.005785905952971870e-13
1.998884425559745094e-13
1.992026980329788093e-13
1.985213268080718491e-13
1.978443162929931876e-13
1.971716366648256321e-13
1.965032756105978217e-13
1.958392036752813431e-13
1.951794087954427193e-13
1.945238618571583048e-13
1.938725510214088643e-13
1.932254474891993486e-13
1.925825396213899274e-13
1.919437989083134277e-13
1.913092138867331523e-13
1.906787563112499782e-13
1.900524148710778720e-13
1.894301615605348947e-13
1.888119851983225296e-13
1.881978579944025108e-13
1.875877688744606785e-13
1.869816902404693539e-13
1.863796111030192617e-13
1.857815040328723503e-13
1.851873581038347949e-13
1.845971460326130117e-13
1.840108569348951267e-13
1.834284636508295452e-13
1.828499553169783599e-13
1.822753048747377111e-13
1.817045014608218088e-13
1.811375180959550500e-13
1.805743438965381356e-13
1.800149519409466293e-13
1.794593313050192665e-13
1.789074551033106903e-13
1.783593123510380359e-13
1.778148761776339894e-13
1.772741355177828071e-13
1.767370634946341821e-13
1.762036489425437788e-13
1.756738649573221730e-13
1.751477002542057450e-13
1.746251278871030516e-13
1.741061364480154553e-13
1.735906989489548450e-13
1.730788038607879050e-13
1.725704241543190051e-13
1.720655481811349964e-13
1.715641488712815858e-13
1.710662144586673175e-13
1.705717178327789873e-13
1.700806471111916578e-13
1.695929751427830293e-13
1.691086899298792466e-13
1.686277642804455378e-13
1.681501860823804285e-13
1.676759281021807107e-13
1.672049781138755268e-13
1.667373088416780932e-13
1.662729079460413475e-13
1.658117481078262448e-13
1.653538168739340551e-13
1.648990868805474033e-13
1.644475455607743104e-13
1.639991655045360485e-13
1.635539340306382275e-13
1.631118236809026573e-13
1.626728216590559696e-13
1.622369004567261305e-13
1.618040471615185376e-13
1.613742342125192092e-13
1.609474485799046426e-13
1.605236626476189737e-13
1.601028632668386410e-13
1.596850227635147404e-13
1.592701278679911973e-13
1.588581508451289364e-13
1.584490783023463766e-13
1.580428824400726064e-13
1.576395497404522823e-13
1.572390523364857928e-13
1.568413765865210323e-13
1.564464945621960674e-13
1.560543925085610241e-13
1.556650424457408978e-13
1.552784305162643403e-13
1.548945286983115903e-13
1.545133230423816758e-13
1.541347854940197482e-13
1.537589020219256898e-13
1.533856445480882052e-13
1.530149989694012202e-13
1.526469371931658084e-13
1.522814450542512337e-13
1.519184944539562092e-13
1.515580711747177591e-13
1.512001471203578407e-13
1.508447080303084167e-13
1.504917258193032966e-13
1.501411861930559532e-13
1.497930610854899381e-13
1.494473361777684386e-13
1.491039834311931498e-13
1.487629885114512723e-13
1.484243234153472554e-13
1.480879738020957781e-13
1.477539117120865743e-13
1.474221228070158395e-13
1.470925791789231234e-13
1.467652665009157153e-13
1.464401569247511472e-13
1.461172361438740980e-13
1.457964763778556122e-13
1.454778633494220776e-13
1.451613693541021000e-13
1.448469801528896720e-13
1.445346681254849587e-13
1.442244190801967444e-13
1.439162054892027145e-13
1.436100132172720816e-13
1.433058148375823746e-13
1.430035962808496338e-13
1.427033302301454930e-13
1.424050026918461597e-13
1.421085864679740761e-13
1.418140676504137561e-13
1.415214191693606260e-13
1.412306272122130140e-13
1.409416648467497212e-13
1.406545183660658603e-13
1.403691609851414502e-13
1.400855791131483834e-13
1.398037461221108361e-13
1.395236485478721480e-13
1.392452599295856521e-13
1.389685669405918817e-13
1.386935432975186377e-13
1.384201758222756193e-13
1.381484384195846778e-13
1.378783180712589052e-13
1.376097888810231023e-13
1.373428380022042969e-13
1.370774397487413535e-13
1.368135814573755246e-13
1.365512376637868264e-13
1.362903959003317259e-13
1.360310309362855595e-13
1.357731305121347504e-13
1.355166696429417819e-13
1.352616362901604888e-13
1.350080057271802590e-13
1.347557661495922521e-13
1.345048931020084026e-13
1.342553750276676934e-13
1.340071877556640321e-13
1.337603199907431608e-13
1.335147478601103056e-13
1.332704603442293031e-13
1.330274338819855348e-13
1.327856577410872119e-13
1.325451086790897848e-13
1.323057762558639643e-13
1.320676375519249564e-13
1.318306824240929056e-13
1.315948882804487367e-13
1.313602452798506985e-13
1.311267311628702488e-13
1.308943363957915217e-13
1.306630390569177759e-13
1.304328299256434993e-13
1.302036874235566254e-13
1.299756026491388857e-13
1.297485543731225222e-13
1.295225340193408733e-13
1.292975207138309249e-13
1.290735062123235274e-13
1.288504700026161202e-13
1.286284041791581247e-13
1.284072885982520557e-13
1.281871157001558342e-13
1.279678657167008406e-13
1.277495314413067141e-13
1.275320934886322671e-13
1.273155450128649151e-13
1.270998670190546775e-13
1.268850530300100140e-13
1.266710844489928046e-13
1.264579551755242466e-13
1.262456470191469791e-13
1.260341542644168010e-13
1.258234591354645604e-13
1.256135563104236556e-13
1.254044284365505119e-13
1.251960705943114986e-13
1.249884658628457315e-13
1.247816097339111076e-13
1.245754857274965479e-13
1.243700897552498085e-13
1.241654057833244679e-13
1.239614301432367854e-13
1.237581472439804976e-13
1.235555538331784467e-13
1.233536347588862245e-13
1.231523871811489352e-13
1.229517963833886980e-13
1.227518599344579527e-13
1.225525635495265571e-13
1.223539052027014585e-13
1.221558710373459111e-13
1.219584594293215795e-13
1.217616569466871407e-13
1.215654623636029575e-13
1.213698626693721100e-13
1.211748570330330068e-13
1.209804328617219447e-13
1.207865897159628473e-13
1.205933154173435518e-13
1.204006099145021955e-13
1.202084614401203603e-13
1.200168703275932828e-13
1.198258252173549018e-13
1.196353268242089713e-13
1.194453641930108249e-13
1.192559384166270552e-13
1.190670389410080230e-13
1.188786672337353092e-13
1.186908131385281108e-13
1.185034784943293917e-13
1.183166535392949611e-13
1.181303404803662453e-13
1.179445299467952877e-13
1.177592245101464352e-13
1.175744151874149908e-13
1.173901049113977610e-13
1.172062850834661725e-13
1.170229589942406276e-13
1.168401184257508068e-13
1.166577670206854820e-13
1.164758969326729303e-13
1.162945121453595976e-13
1.161136051725306180e-13
1.159331803272853384e-13
1.157532304720623407e-13
1.155737602378485664e-13
1.153947628241704602e-13
1.152162431682771465e-13
1.150381947951575471e-13
1.148606229366386390e-13
1.146835214314853703e-13
1.145068957943627556e-13
1.143307401660662485e-13
1.141550603323039037e-13
1.139798507241006243e-13
1.138051173863593944e-13
1.136308550284787070e-13
1.134570699426591277e-13
1.132837571047643727e-13
1.131109230423493112e-13
1.129385629857842684e-13
1.127666836859908994e-13
1.125952806158414302e-13
1.124243607375961037e-13
1.122539197545797833e-13
1.120839648283257798e-13
1.119144918805210951e-13
1.117455082598723320e-13
1.115770100942993454e-13
1.114090049075513817e-13
1.112414890216161689e-13
1.110744701231268523e-13
1.109079447159409463e-13
1.107419206373911279e-13
1.105763945609762814e-13
1.104113744625219458e-13
1.102468571729115087e-13
1.100828507942651586e-13
1.099193523027663459e-13
1.097563699150678029e-13
1.095939007409994597e-13
1.094319531001707086e-13
1.092705242244185122e-13
1.091096225247312092e-13
1.089492453433030103e-13
1.087894011709189930e-13
1.086300874484676047e-13
1.084713127349426358e-13
1.083130745582503158e-13
1.081553815339996321e-13
1.079982312654234379e-13
1.078416324131457744e-13
1.076855826440204327e-13
1.075300906520793094e-13
1.073751541560750264e-13
1.072207818718320593e-13
1.070669715582621845e-13
1.069137319413569819e-13
1.067610608084283059e-13
1.066089668839972744e-13
1.064574479719948323e-13
1.063065127838186833e-13
1.061561591282129471e-13
1.060063956917812146e-13
1.058572202762460997e-13
1.057086415317243569e-13
1.055606572410499505e-13
1.054132760061335569e-13
1.052664955790161127e-13
1.051203245016513819e-13
1.049747604833402463e-13
1.048298119942918678e-13
1.046854766890715157e-13
1.045417629543122750e-13
1.043986683777933402e-13
1.042562012506907294e-13
1.041143590821896650e-13
1.039731500581908092e-13
1.038325716022567499e-13
1.036926317899931012e-13
1.035533279543920682e-13
1.034146680560266088e-13
1.032766493323465000e-13
1.031392796241325740e-13
1.030025560682841631e-13
1.028664863809975615e-13
1.027310675935694125e-13
1.025963072927786964e-13
1.024622023992169269e-13
1.023287603653657374e-13
1.021959779959513395e-13
1.020638626042242947e-13
1.019324108738216373e-13
1.018016299737676888e-13
1.016715164613162418e-13
1.015420773562026827e-13
1.014133090839252182e-13
1.012852185097928587e-13
1.011578019220920587e-13
1.010310660264855413e-13
1.009050069685002087e-13
1.007796312888428318e-13
1.006549349846346370e-13
1.005309244262197796e-13
1.004075954565609819e-13
1.002849542701282458e-13
1.001629965498602495e-13
1.000417283087280992e-13
9.992114506365952958e-14
9.980125264038193793e-14
9.968204638369602019e-14
9.956353192621165698e-14
9.944570443434982983e-14
9.932856934159213593e-14
9.921212162958363200e-14
9.909636652687959251e-14
9.898129882629730733e-14
9.886692355122676013e-14
9.875323530718314353e-14
9.864023891455264196e-14
9.852792879334951585e-14
9.841630956304318601e-14
9.830537545986914612e-14
9.819513090438628439e-14
9.808556995068911660e-14
9.797669682234926653e-14
9.786850539287251044e-14
9.776099969068145556e-14
9.765417341015899369e-14
9.754803038633092069e-14
9.744256413583621063e-14
9.733777830196998535e-14
9.723366622491920294e-14
9.713023135782764859e-14
9.702746686563492441e-14
9.692537601282650869e-14
9.682395179021332805e-14
9.672319727502845546e-14
9.662310528498747408e-14
9.652367871139159211e-14
9.642491019980910864e-14
9.632680245684440770e-14
9.622934795678348711e-14
9.613254922268516406e-14
9.603639855833587444e-14
9.594089830431703673e-14
9.584604059461796454e-14
9.575182758832953631e-14
9.565825125026786290e-14
9.556531355894020772e-14
9.547300631053682214e-14
9.538133130381073132e-14
9.529028016679956795e-14
9.519985451925567675e-14
9.511004582167098976e-14
9.502085551690610569e-14
9.493227490171596473e-14
9.484430524739956971e-14
9.475693769219861752e-14
9.467017334138137670e-14
9.458400317990567871e-14
9.449842815254445058e-14
9.441343909621305216e-14
9.432903680073645245e-14
9.424521196024892638e-14
9.416196521519364960e-14
9.407928712221320655e-14
9.399717817796210429e-14
9.391562880691642653e-14
9.383463936756946782e-14
9.375420015759987414e-14
9.367431140300968104e-14
9.359496328010132567e-14
9.351615588810568441e-14
9.343787928743018047e-14
9.336013345631327167e-14
9.328290834481730033e-14
9.320620381603274269e-14
9.313000971530411426e-14
9.305432579649311799e-14
9.297914180593792179e-14
9.290445739427326054e-14
9.283026221463651641e-14
9.275655582052763339e-14
9.268332777779016045e-14
9.261057754897983980e-14
9.253829461866328814e-14
9.246647836474951614e-14
9.239511819666303434e-14
9.232421341407774353e-14
9.225375335753724337e-14
9.218373725501401160e-14
9.211415438456559692e-14
9.204500390908985161e-14
9.197627505043544790e-14
9.190796691259541369e-14
9.184006866703714422e-14
9.177257936489141656e-14
9.170548813317114300e-14
9.163879397631429741e-14
9.157248598294624270e-14
9.150656311711865704e-14
9.144101443528705465e-14
9.137583886756943513e-14
9.131102544462726505e-14
9.124657306925060994e-14
9.118247075284764372e-14
9.111871737764540297e-14
9.105530194251090240e-14
9.099222331603850093e-14
9.092947049144324577e-14
9.086704233078827030e-14
9.080492782870869755e-14
9.074312584801382234e-14
9.068162539201878728e-14
9.062042533173826492e-14
9.055951468661993152e-14
9.049889234352837916e-14
9.043854734569383746e-14
9.037847860366583499e-14
9.031867519230820134e-14
9.025913605388413763e-14
9.019985030294741323e-14
9.014081692170140834e-14
9.008202507265416617e-14
9.002347378637637568e-14
8.996515228180614054e-14
8.990705964651193758e-14
8.984918516455134108e-14
8.979152798932715790e-14
8.973407747892180164e-14
8.967683286161615047e-14
8.961978357841604811e-14
8.956292894016922513e-14
8.950625847633866950e-14
8.944977158462294592e-14
8.939345788705405780e-14
8.933731687235224410e-14
8.928133825933986353e-14
8.922552163203297865e-14
8.916985681038157435e-14
8.911434347808020816e-14
8.905897156066158626e-14
8.900374084599117888e-14
8.894864136975639882e-14
8.889367302859420270e-14
8.883882597303561085e-14
8.878410021319773283e-14
8.872948601925882929e-14
8.867498351963077648e-14
8.862058310905615266e-14
8.856628503916117720e-14
8.851207983428060460e-14
8.845796787427712568e-14
8.840393981821483438e-14
8.834999617931528865e-14
8.829612775661575170e-14
8.824233520191754467e-14
8.818860945957815067e-14
8.813495132529528626e-14
8.808135189419546188e-14
8.802781211128178784e-14
8.797432322799668052e-14
8.792088634414835502e-14
8.786749287313683967e-14
8.781414407516215466e-14
8.776083153131577261e-14
8.770755666786089861e-14
8.765431123940230613e-14
8.760109684401901131e-14
8.754790541573638189e-14
8.749473873002135458e-14
8.744158890450532229e-14
8.738845789355956015e-14
8.733533799852002443e-14
8.728223135236288972e-14
8.722913043993684992e-14
8.717603757247744538e-14
8.712294541811329897e-14
8.706985646595052830e-14
8.701676356712592581e-14
8.696366938818505177e-14
8.691056696296116084e-14
8.685745913496373061e-14
8.680433912036905567e-14
8.675120993912898655e-14
8.669806498936602919e-14
8.664490746690521554e-14
8.659173095137275608e-14
8.653853881384916718e-14
8.648532481497453800e-14
8.643209250041653375e-14
8.637883581129023565e-14
8.632555846713081464e-14
8.627225458893931101e-14
8.621892806934575951e-14
8.616557320859613745e-14
8.611219407158956378e-14
8.605878513712315915e-14
8.600535064148465697e-14
8.595188524127465776e-14
8.589839334323433689e-14
8.584486978096562314e-14
8.579131913067285463e-14
8.573773640210176506e-14
8.568412633987424226e-14
8.563048412896668992e-14
8.557681468131769969e-14
8.552311335616595221e-14
8.546938523161017189e-14
8.541562583998407987e-14
8.536184042333812665e-14
8.530802468359345752e-14
8.525418402218844262e-14
8.520031430603073691e-14
8.514642109113702725e-14
8.509250040469522245e-14
8.503855795238817133e-14
8.498458991687414332e-14
8.493060214848947455e-14
8.487659098045119565e-14
8.482256240263753857e-14
8.476851289381179722e-14
8.471444857818587559e-14
8.466036607495794134e-14
8.460627163736982514e-14
8.455216201984623103e-14
8.449804359926206013e-14
8.444391325996405020e-14
8.438977749697199811e-14
8.433563331915703655e-14
8.428148733410625813e-14
8.422733666972484481e-14
8.417318804050284808e-14
8.411903868779904663e-14
8.406489542725661411e-14
8.401075560801925982e-14
8.395662614105025270e-14
8.390250447752291808e-14
8.384839761780643530e-14
8.379430310926334777e-14
8.374022803567563639e-14
8.368617003467184057e-14
8.363213626737582075e-14
8.357812445567742931e-14
8.352414183189618267e-14
8.347018619609861689e-14
8.341626484557988124e-14
8.336237565242045000e-14
8.330852597263200521e-14
8.325471374430377149e-14
8.320094637637178084e-14
8.314722186739364247e-14
8.309354767361248072e-14
8.303992184849221413e-14
8.298635188992261004e-14
8.293283590066099326e-14
8.287938141453516007e-14
8.282598657792781911e-14
8.277265895484597222e-14
8.271939672957301767e-14
8.266620749048562509e-14
8.261308945398642815e-14
8.256005022696131028e-14
8.250708805209347171e-14
8.245421054886621035e-14
8.240141598034709418e-14
8.234871197265336265e-14
8.229609680328317210e-14
8.224357809897221631e-14
8.219115414563705968e-14
8.213883256456394483e-14
8.208661164401630367e-14
8.203449899370985932e-14
8.198249289812368228e-14
8.193060094922741959e-14
8.187882142152395431e-14
8.182716188300586598e-14
8.177562059194565999e-14
8.172420508607138717e-14
8.167291360110745959e-14
8.162175363817157505e-14
8.157072340405696855e-14
8.151983035686509351e-14
8.146907266800824321e-14
8.141845774610309348e-14
8.136798372066182414e-14
8.131765794428423699e-14
8.126747849815425482e-14
8.121745267338837798e-14
8.116757849893460875e-14
8.111786320150184493e-14
8.106830475499426524e-14
8.101891031894242040e-14
8.096967780939549344e-14
8.092061431593145984e-14
8.087171769391701489e-14
8.082299496018881562e-14
8.077444390658064376e-14
8.072607147437900082e-14
8.067787538900750789e-14
8.062986251336995757e-14
8.058203050357198064e-14
8.053438614127522304e-14
8.048692701032575760e-14
8.043965980825289917e-14
8.039258204366506758e-14
8.034570032703591739e-14
8.029901208871852585e-14
8.025252384917087919e-14
8.020623295743046188e-14
8.016014584094017854e-14
8.011425976431664880e-14
8.006858105894534319e-14
8.002310690186863021e-14
7.997784352532700780e-14
7.993278801558384908e-14
7.988794650259840825e-14
7.984331597859677720e-14
7.979890246806904698e-14
7.975470286588883080e-14
7.971072308783429549e-14
7.966695992805186651e-14
7.962341919030725556e-14
7.958009756458223580e-14
7.953700073926858231e-14
7.949412529668098714e-14
7.945147680659234414e-14
7.940905174133785418e-14
7.936685555164135453e-14
7.932488460037778948e-14
7.928314422003213145e-14
7.924163066471677453e-14
7.920034914949839310e-14
7.915929582042862701e-14
7.911847577597678542e-14
7.907788505483164969e-14
7.903752863968148963e-14
7.899740246254263921e-14
7.895751139113240701e-14
7.891785125147578839e-14
7.887842679712089109e-14
7.883923374877255994e-14
7.880027674660186963e-14
7.876155140665358283e-14
7.872306225650342028e-14
7.868480480818456923e-14
7.864678347744808205e-14
7.860899367295182160e-14
7.857143969938153569e-14
7.853411686264403576e-14
7.849702935710674690e-14
7.846017238653733278e-14
7.842355003572029084e-14
7.838715740688362075e-14
7.835099847595189283e-14
7.831506824420116304e-14
7.827937057940699598e-14
7.824390038246949865e-14
7.820866141371426165e-14
7.817364847423019166e-14
7.813886521758055221e-14
7.810430634559699408e-14
7.806997540575658958e-14
7.803586700117774470e-14
7.800198457391729057e-14
7.796832262901237328e-14
7.793488450443446164e-14
7.790166460931864168e-14
7.786866618044476366e-14
7.783588353392719010e-14
7.780331980837477053e-14
7.777096922979701366e-14
7.773883484168603577e-14
7.770691078289767721e-14
7.767520000489537700e-14
7.764369656236978991e-14
7.761240331788034940e-14
7.758131424498016021e-14
7.755043212048740188e-14
7.751975083988738353e-14
7.748927309746034876e-14
7.745899271373719892e-14
7.742891230370682717e-14
7.739902561610628253e-14
7.736933518992470239e-14
7.733983470531503856e-14
7.731052662860605342e-14
7.728140457462828266e-14
7.725247094043993100e-14
7.722371927886528730e-14
7.719515192113444878e-14
7.716676236143895488e-14
7.713855286867854143e-14
7.711051688184537355e-14
7.708265661106460677e-14
7.705496544362468282e-14
7.702744553449218910e-14
7.700009022281278729e-14
7.697290161207359247e-14
7.694587299690599402e-14
7.691900643306212390e-14
7.689229517435807429e-14
7.686574123262331267e-14
7.683933782463061345e-14
7.681308692214435992e-14
7.678698170856726066e-14
7.676102411913045236e-14
7.673520730721563936e-14
7.670953317494326998e-14
7.668399484905695761e-14
7.665859420203575885e-14
7.663332433742267329e-14
7.660818710158200320e-14
7.658317557835847486e-14
7.655829159159107954e-14
7.653352820899728574e-14
7.650888723554691053e-14
7.648436172647360392e-14
7.645995347160311097e-14
7.643565551740365057e-14
7.641146964235406824e-14
7.638738888795255724e-14
7.636341502520251518e-14
7.633954109450710805e-14
7.631576886334148049e-14
7.629209137497011688e-14
7.626851039736559863e-14
7.624501898069332744e-14
7.622161889752831383e-14
7.619830320906135718e-14
7.617507369665665328e-14
7.615192343674122514e-14
7.612885422373756709e-14
7.610585915360757398e-14
7.608294003818562949e-14
7.606008999735613203e-14
7.603731086480414244e-14
7.601459578881425079e-14
7.599194662944742936e-14
7.596935656795734031e-14
7.594682749539354536e-14
7.592435263063958353e-14
7.590193390043434607e-14
7.587956456593064713e-14
7.585724659354947965e-14
7.583497328962013147e-14
7.581274666248681948e-14
7.579056006581722585e-14
7.576841555202878448e-14
7.574630652430024630e-14
7.572423508128423333e-14
7.570219467786842007e-14
7.568018746112841197e-14
7.565820693989065813e-14
7.563625531187115339e-14
7.561432614209901340e-14
7.559242168117970902e-14
7.557053555264513889e-14
7.554867006227215311e-14
7.552681889443229177e-14
7.550498441238932447e-14
7.548316036372875261e-14
7.546134917155130084e-14
7.543954464906812483e-14
7.541774928160140990e-14
7.539595695043765046e-14
7.537417020553997312e-14
7.535238299875749574e-14
7.533059794714824946e-14
7.530880907564936551e-14
7.528701907090259153e-14
7.526522203349526709e-14
7.524342072217656752e-14
7.522160931578383596e-14
7.519979064773155378e-14
7.517795897774369327e-14
7.515611721649235235e-14
7.513425970726090681e-14
7.511238944060535948e-14
7.509050084607758947e-14
7.506859699677761919e-14
7.504667241127015825e-14
7.502473024776615159e-14
7.500276511574103764e-14
7.498078025909654080e-14
7.495877037811389093e-14
7.493673880207260972e-14
7.491468032179574667e-14
7.489259835157836323e-14
7.487048777247826600e-14
7.484835208340728384e-14
7.482618625531945182e-14
7.480399387131431425e-14
7.478176999187503038e-14
7.475951828383086624e-14
7.473723389680029327e-14
7.471492058085753471e-14
7.469257357433670022e-14
7.467019671004577578e-14
7.464778531458983148e-14
7.462534330297426638e-14
7.460286608960515186e-14
7.458035767112403497e-14
7.455781354924427507e-14
7.453523780165782849e-14
7.451262601686711777e-14
7.448998235300501566e-14
7.446730248482136964e-14
7.444459065025684809e-14
7.442184260974345723e-14
7.439906268037348024e-14
7.437624670767264239e-14
7.435339908720602998e-14
7.433051574898166331e-14
7.430760116633640584e-14
7.428465135312660640e-14
7.426167085973785466e-14
7.423865578321858407e-14
7.421561075025913258e-14
7.419253194042128236e-14
7.416942405593508869e-14
7.414628335810850571e-14
7.412311462345565404e-14
7.409991419316542660e-14
7.407668691567641910e-14
7.405342920968153068e-14
7.403014599306935846e-14
7.400683375960860558e-14
7.398349749411467690e-14
7.396013376295525828e-14
7.393674761530398072e-14
7.391333568760380158e-14
7.388990309077317649e-14
7.386644652876084397e-14
7.384297117157344057e-14
7.381947378805094849e-14
7.379595960458841285e-14
7.377242545225801770e-14
7.374887661110180521e-14
7.372530997172108200e-14
7.370173086502205109e-14
7.367813623838892126e-14
7.365453147076845178e-14
7.363091356353858127e-14
7.360728794082279512e-14
7.358365165516119286e-14
7.356001017295077595e-14
7.353636059502033165e-14
7.351270842709771175e-14
7.348905081538529143e-14
7.346539330196077472e-14
7.344173307544371392e-14
7.341807571124217077e-14
7.339441843739550615e-14
7.337076685958493120e-14
7.334711824223166786e-14
7.332347821819483890e-14
7.329984408519908913e-14
7.327622150014903146e-14
7.325260779095377951e-14
7.322900863541256178e-14
7.320542138858983579e-14
7.318185174628859228e-14
7.315829708795911243e-14
7.313476312461813120e-14
7.311124725733286427e-14
7.308775520954152617e-14
7.306428440114948244e-14
7.304084056520952120e-14
7.301742113766558520e-14
7.299403185835888201e-14
7.297067017644812507e-14
7.294734183571447198e-14
7.292404429568170047e-14
7.290078330119877028e-14
7.287755631927667051e-14
7.285436909293498614e-14
7.283121909376535021e-14
7.280811206003422722e-14
7.278504546497746353e-14
7.276202503915745756e-14
7.273904825448635969e-14
7.271612083084328384e-14
7.269324023581684203e-14
7.267041217559404723e-14
7.264763411040708690e-14
7.262491172971167596e-14
7.260224248331644828e-14
7.257963204087508184e-14
7.255707783867051501e-14
7.253458552345118675e-14
7.251215251483579689e-14
7.248978443353059264e-14
7.246747867931419487e-14
7.244524084367883235e-14
7.242306830334877329e-14
7.240096661739413899e-14
7.237893313623095150e-14
7.235697338326206549e-14
7.233508467937965786e-14
7.231327250958992099e-14
7.229153416327302999e-14
7.226987508554793384e-14
7.224829253283322032e-14
7.222679190896433647e-14
7.220537043598310411e-14
7.218403347507441660e-14
7.216277821250031856e-14
7.214160996543622630e-14
7.212052588296288547e-14
7.209953123688857414e-14
7.207862313770789757e-14
7.205780681050129261e-14
7.203707932576504953e-14
7.201644586048480051e-14
7.199590344373613521e-14
7.197545720303399413e-14
7.195510412459858706e-14
7.193484928508686573e-14
7.191468962641457940e-14
7.189463017297988861e-14
7.187466782092834065e-14
7.185480754098352044e-14
7.183504618203712159e-14
7.181538865970497614e-14
7.179583177412139298e-14
7.177638038434278315e-14
7.175703124022122161e-14
7.173778914278158297e-14
7.171865079004610202e-14
7.169962092351422894e-14
7.168069618780665714e-14
7.166188126338013624e-14
7.164317273985655792e-14
7.162457523510781761e-14
7.160608528213301206e-14
7.158770743465106582e-14
7.156943816738606518e-14
7.155128196839479091e-14
7.153323525304839404e-14
7.151530244358515298e-14
7.149747989630698313e-14
7.147977196808045878e-14
7.146217495653462127e-14
7.144469315365868516e-14
7.142732279884397867e-14
7.141006811972438059e-14
7.139292529790999775e-14
7.137589849721932006e-14
7.135898384195364072e-14
7.134218543267038387e-14
7.132549933684650327e-14
7.130892959234464582e-14
7.129247221031216152e-14
7.127613116649257393e-14
7.125990241620731385e-14
7.124378987366465213e-14
7.122778943887119388e-14
7.121190496509121169e-14
7.119613229753417964e-14
7.118047522911783637e-14
7.116492955077836647e-14
7.114949899568971484e-14
7.113417930104391923e-14
7.111897414087931098e-14
7.110387919917795977e-14
7.108889809145490353e-14
7.107402644902130720e-14
7.105926782948566571e-14
7.104461781203178336e-14
7.103007989698230047e-14
7.101564961194169812e-14
7.100133040057108548e-14
7.098711773944818912e-14
7.097301501620088632e-14
7.095901765693697133e-14
7.094512899388294824e-14
7.093134440328412712e-14
7.091766716291961781e-14
7.090409260051382722e-14
7.089062394109206064e-14
7.087725646553831014e-14
7.086399334789085984e-14
7.085082982390791715e-14
7.083776901843894396e-14
7.082480612386122240e-14
7.081194421766145999e-14
7.079917845060973889e-14
7.078651185468357035e-14
7.077393954084820071e-14
7.076146449745280388e-14
7.074908179748899532e-14
7.073679438758628896e-14
7.072459730462325777e-14
7.071249345544613787e-14
7.070047784271105008e-14
7.068855333544574647e-14
7.067671490400508126e-14
7.066496538159214632e-14
7.065329970821251194e-14
7.064172068326846086e-14
7.063022321840003107e-14
7.061881008126251133e-14
7.060747615714698828e-14
7.059622418404664661e-14
7.058504902295312013e-14
7.057395338431398436e-14
7.056293210690523732e-14
7.055198787577745006e-14
7.054111550960936036e-14
7.053031767023665023e-14
7.051958915839450111e-14
7.050893261491931965e-14
7.049834282479274763e-14
7.048782241010217680e-14
7.047736614230282138e-14
7.046697662700491452e-14
7.045664862431086393e-14
7.044638472545279573e-14
7.043617968118105168e-14
7.042603607038587126e-14
7.041594863646509708e-14
7.040591994799617105e-14
7.039594474302532864e-14
7.038602558185569392e-14
7.037615719919913244e-14
7.036634214914052488e-14
7.035657516509637668e-14
7.034685879701004876e-14
7.033718777906633400e-14
7.032756465916760187e-14
7.031798417435740145e-14
7.030844887262309724e-14
7.029895349598601375e-14
7.028950059467160852e-14
7.028008491782799005e-14
7.027070902009987779e-14
7.026136765994266410e-14
7.025206339863137494e-14
7.024279100614111952e-14
7.023355305261856715e-14
7.022434432180429838e-14
7.021516739498970645e-14
7.020601707196056290e-14
7.019689594745783456e-14
7.018779883962726691e-14
7.017872835899725589e-14
7.016967934442356914e-14
7.016065442459357478e-14
7.015164846145917121e-14
7.014266410427230796e-14
7.013369624050348612e-14
7.012474754240992182e-14
7.011581292544022302e-14
7.010689508733221701e-14
7.009798897395503298e-14
7.008909731065580947e-14
7.008021507532831086e-14
7.007134502221029901e-14
7.006248216245530245e-14
7.005362928039136819e-14
7.004478142160948881e-14
7.003594140167985958e-14
7.002710430178213137e-14
7.001827296986039171e-14
7.000944252382119397e-14
7.000061584510281409e-14
6.999178808947009854e-14
6.998296217296944634e-14
6.997413329035192934e-14
6.996530439338264696e-14
6.995647071692696754e-14
6.994763524957811961e-14
6.993879326744508863e-14
6.992994779706021349e-14
6.992109415690847188e-14
6.991223541257449044e-14
6.990336692605661245e-14
6.989449180310872883e-14
6.988560545038538703e-14
6.987671101493159082e-14
6.986780394920754419e-14
6.985888744267713196e-14
6.984995699476310122e-14
6.984101583848253671e-14
6.983205952138565536e-14
6.982309132118468422e-14
6.981410683473086999e-14
6.980510938558131212e-14
6.979609462107146488e-14
6.978706591176178966e-14
6.977801895666452924e-14
6.976895717451139980e-14
6.975987631719450232e-14
6.975077985273392310e-14
6.974166358669532903e-14
6.973253103655331696e-14
6.972337806138217830e-14
6.971420822784256796e-14
6.970501744824297925e-14
6.969580933808247095e-14
6.968657986256093090e-14
6.967733268561728923e-14
6.966806382495729619e-14
6.965877699252315348e-14
6.964946825810613078e-14
6.964014138118265097e-14
6.963079248317922139e-14
6.962142537060913769e-14
6.961203621605663788e-14
6.960262887254897025e-14
6.959319956332618603e-14
6.958375218738290021e-14
6.957428301809047937e-14
6.956479599984291274e-14
6.955528745559730605e-14
6.954576137455905003e-14
6.953621412870560978e-14
6.952664975144701098e-14
6.951706466319768707e-14
6.950746294094817715e-14
6.949784105294875838e-14
6.948820311913009231e-14
6.947854565496114553e-14
6.946887282265697562e-14
6.945918118427264788e-14
6.944947494363762688e-14
6.943975070874570584e-14
6.943001272435741343e-14
6.942025764374429369e-14
6.941048975190188642e-14
6.940070574670555945e-14
6.939090995267817343e-14
6.938109911158010991e-14
6.937127758651706301e-14
6.936144216188783847e-14
6.935159723790583184e-14
6.934173964011356462e-14
6.933187380429475120e-14
6.932199659560345903e-14
6.931211248382219679e-14
6.930221837215344684e-14
6.929231876277962363e-14
6.928241059536115464e-14
6.927249840285615228e-14
6.926257915976685927e-14
6.925265742817914924e-14
6.924273021579648929e-14
6.923280211216206028e-14
6.922287015651630960e-14
6.921293896416756192e-14
6.920300560420649621e-14
6.919307471599356634e-14
6.918314339676053053e-14
6.917321630818674976e-14
6.916329057391486865e-14
6.915337087619016751e-14
6.914345436331474209e-14
6.913354573632789685e-14
6.912364216641908150e-14
6.911374837163101140e-14
6.910386154424856426e-14
6.909398641750882525e-14
6.908412020298019391e-14
6.907426764726712332e-14
6.906442597939022897e-14
6.905459995747668481e-14
6.904478682614867979e-14
6.903499135319405619e-14
6.902521079696662270e-14
6.901544993303568441e-14
6.900570603159784645e-14
6.899598387411481357e-14
6.898628074077044766e-14
6.897660141713152153e-14
6.896694319161424752e-14
6.895731085214599844e-14
6.894770169364397043e-14
6.893812050469292881e-14
6.892856458501114026e-14
6.891903872215638682e-14
6.890954021895806374e-14
6.890007386027083597e-14
6.889063695034903400e-14
6.888123426967091179e-14
6.887186312222959221e-14
6.886252828245396514e-14
6.885322705238696309e-14
6.884396419873315191e-14
6.883473701989120438e-14
6.882555027316272943e-14
6.881640125160183566e-14
6.880729470142284973e-14
6.879822790862732493e-14
6.878920560665130342e-14
6.878022507272651502e-14
6.877129102581191490e-14
6.876240073264189236e-14
6.875355889599045068e-14
6.874476277035577464e-14
6.873601704060877656e-14
6.872731894726060724e-14
6.871867315554979137e-14
6.871007689023603529e-14
6.870153479518436534e-14
6.869304407762457231e-14
6.868460935829370705e-14
6.867622782509816635e-14
6.866790407387865186e-14
6.865963527140855732e-14
6.865142598684903090e-14
6.864327336405016556e-14
6.863518194394651768e-14
6.862714884623404185e-14
6.861917858263833736e-14
6.861126824772419412e-14
6.860342232311710655e-14
6.859563787737189618e-14
6.858791936120569202e-14
6.858026381633872885e-14
6.857267566181475185e-14
6.856515191172910928e-14
6.855769695271737327e-14
6.855030777048450755e-14
6.854298871854629557e-14
6.853573675347072594e-14
6.852855619495967156e-14
6.852144396971212087e-14
6.851440436293564686e-14
6.850743427073918103e-14
6.850053794316598219e-14
6.849371224502174420e-14
6.848696139052336171e-14
6.848028221246580262e-14
6.847367888858249525e-14
6.846714821895367678e-14
6.846069434417547604e-14
6.845431403091082107e-14
6.844801138196624790e-14
6.844178312988444355e-14
6.843563333902946471e-14
6.842955870711899539e-14
6.842356325942007294e-14
6.841764365811719581e-14
6.841180388872224487e-14
6.840604057717404646e-14
6.840035766856618954e-14
6.839475175187343480e-14
6.838922673110212523e-14
6.838377915753736796e-14
6.837841289346293036e-14
6.837312445202528420e-14
6.836791765379396426e-14
6.836278897397596592e-14
6.835774219173139461e-14
6.835277374462653933e-14
6.834788737081606128e-14
6.834307947060844990e-14
6.833835374161662088e-14
6.833370654732248701e-14
6.832914154530227881e-14
6.832465506267994104e-14
6.832025071753347655e-14
6.831592480112776294e-14
6.831168089260905328e-14
6.830751524790826169e-14
6.830343140783021183e-14
6.829942559351974036e-14
6.829550130805185483e-14
6.829165473835331953e-14
6.828788935039941754e-14
6.828420129748468040e-14
6.828059400913146958e-14
6.827706360560406680e-14
6.827361348063357053e-14
6.827023972207073783e-14
6.826694568853049243e-14
6.826372743607986802e-14
6.826058828890478085e-14
6.825752427193068665e-14
6.825453867561262976e-14
6.825162749438772790e-14
6.824879398568839915e-14
6.824603411412671006e-14
6.824335110482971003e-14
6.824074089325748321e-14
6.823820667295731090e-14
6.823574435091893374e-14
6.823335708984319003e-14
6.823104076896221593e-14
6.822879852103013729e-14
6.822662619860728653e-14
6.822452690577563649e-14
6.822249646968547679e-14
6.822053796707068923e-14
6.821864720096954396e-14
6.821682722212358701e-14
6.821507381078453206e-14
6.821338999308184355e-14
6.821177152782989588e-14
6.821022141794763162e-14
6.820873540218321448e-14
6.820731646166669348e-14
6.820596031647181211e-14
6.820466992738064022e-14
6.820344099720428443e-14
6.820227646783578634e-14
6.820117202625479870e-14
6.820013059694251161e-14
6.819914785249687359e-14
6.819822670148151512e-14
6.819736280358119872e-14
6.819655905295328866e-14
6.819581109785600452e-14
6.819512181956867623e-14
6.819448685642733185e-14
6.819390907837785660e-14
6.819338411535656336e-14
6.819291482753675174e-14
6.819249683799483806e-14
6.819213299870855131e-14
6.819181892745181202e-14
6.819155746959984845e-14
6.819134423919868954e-14
6.819118207662994782e-14
6.819106659380393437e-14
6.819100062773327030e-14
6.819097978980167366e-14
6.819100691528947748e-14
6.819107761665370503e-14
6.819119472903477696e-14
6.819135386751941278e-14
6.819155786868076863e-14
6.819180235175792585e-14
6.819209015626348781e-14
6.819241690705920819e-14
6.819278544807123461e-14
6.819319141123186211e-14
6.819363764633676732e-14
6.819411979382341542e-14
6.819464071080128386e-14
6.819519604763969758e-14
6.819578867019858309e-14
6.819641424020140975e-14
6.819707563369070803e-14
6.819776852516406659e-14
6.819849580227642705e-14
6.819925315371952277e-14
6.820004348018998366e-14
6.820086248599524031e-14
6.820171308630362013e-14
6.820259100246273182e-14
6.820349916554493186e-14
6.820443331536616084e-14
6.820539640033845541e-14
6.820638418017934103e-14
6.820739962208013628e-14
6.820843850709903573e-14
6.820950382265122721e-14
6.821059137258127244e-14
6.821170416597863448e-14
6.821283803092694533e-14
6.821399599964663490e-14
6.821517392592119917e-14
6.821637486656585781e-14
6.821759470253293075e-14
6.821883651670355836e-14
6.822009621865315275e-14
6.822137691864388813e-14
6.822267455596082692e-14
6.822399226919040237e-14
6.822532602823740759e-14
6.822667900084803327e-14
6.822804718831087496e-14
6.822943378824309251e-14
6.823083483399621110e-14
6.823225355370061877e-14
6.823368601339220340e-14
6.823513547230498993e-14
6.823659802973516052e-14
6.823807697656910866e-14
6.823956844590173044e-14
6.824107576078554463e-14
6.824259508862090024e-14
6.824412978510980479e-14
6.824567605243751094e-14
6.824723727941289018e-14
6.824880970346165655e-14
6.825039674693423945e-14
6.825199468293154604e-14
6.825360696776034037e-14
6.825522991061305199e-14
6.825686700214999945e-14
6.825851458805572456e-14
6.826017619372595954e-14
6.826184820172363524e-14
6.826353417254857959e-14
6.826523052601622189e-14
6.826694085808744219e-14
6.826866162619361220e-14
6.827039646210376288e-14
6.827214186121962781e-14
6.827390149145680389e-14
6.827567188653430864e-14
6.827745675084572745e-14
6.827925265676740502e-14
6.828106334546955902e-14
6.828288542813049426e-14
6.828472268255447251e-14
6.828657175842218084e-14
6.828843646981437552e-14
6.829031350449921029e-14
6.829220671233349516e-14
6.829411281863515034e-14
6.829603570844822118e-14
6.829797214402952572e-14
6.829992604495832902e-14
6.830189420976220069e-14
6.830388059185208780e-14
6.830588202531001321e-14
6.830790249663132120e-14
6.830993887469484062e-14
6.831199517829464541e-14
6.831406831031222095e-14
6.831616232102100308e-14
6.831827414647862209e-14
6.832040786758832931e-14
6.832256045272849705e-14
6.832473601255595066e-14
6.832693154688799682e-14
6.832915119523487522e-14
6.833139198794764370e-14
6.833365809246818809e-14
6.833594656875481605e-14
6.833826161123990432e-14
6.834060030854355111e-14
6.834296688113025275e-14
6.834535844531900805e-14
6.834777924663247369e-14
6.835022642811031110e-14
6.835270425934604947e-14
6.835520990910749962e-14
6.835774767005931773e-14
6.836031473569299796e-14
6.836291542073403880e-14
6.836554694236577503e-14
6.836821363624363647e-14
6.837091274194655491e-14
6.837364861466388538e-14
6.837641851494616807e-14
6.837922681607656399e-14
6.838207079811313378e-14
6.838495485095829299e-14
6.838787627268529982e-14
6.839083946831774595e-14
6.839384175242903244e-14
6.839688754364619659e-14
6.839997417150847941e-14
6.840310606671134147e-14
6.840628057220806705e-14
6.840950212921240938e-14
6.841276809252429880e-14
6.841608291231205692e-14
6.841944395364028484e-14
6.842285567405567796e-14
6.842631544729270903e-14
6.842982773668900671e-14
6.843338992304173435e-14
6.843700647388180227e-14
6.844067477545083934e-14
6.844439929786562931e-14
6.844817743118371689e-14
6.845201364649193231e-14
6.845590533602516474e-14
6.845985697021633549e-14
6.846386594183006962e-14
6.846793671901385112e-14
6.847206669340616507e-14
6.847626032923042366e-14
6.848051501533455121e-14
6.848483521037296795e-14
6.848921829873109412e-14
6.849366873184308908e-14
6.849818388795247877e-14
6.850276820961770239e-14
6.850741906726572192e-14
6.851214089294510261e-14
6.851693104761207058e-14
6.852179395118856882e-14
6.852672695356472053e-14
6.853173446102470449e-14
6.853681381088452923e-14
6.854196939433944602e-14
6.854719853466952006e-14
6.855250560656948111e-14
6.855788791785495646e-14
6.856334982533896620e-14
6.856888861997049628e-14
6.857450863932420569e-14
6.858020715610130139e-14
6.858598848730207906e-14
6.859184988601648684e-14
6.859779564735138070e-14
6.860382300343680075e-14
6.860993622618189217e-14
6.861613252542039355e-14
6.862241614857150940e-14
6.862878428184669627e-14
6.863524114689347679e-14
6.864178390498350156e-14
6.864841675071964225e-14
6.865513681912318679e-14
6.866194827648612689e-14
6.866884823027447300e-14
6.867584081720909054e-14
6.868292311589971051e-14
6.869009923224015495e-14
6.869736621468611716e-14
6.870472813705141229e-14
6.871218201634162901e-14
6.871973189303989658e-14
6.872737475140632631e-14
6.873511459734355345e-14
6.874294838108599801e-14
6.875088007281143541e-14
6.875890658768987283e-14
6.876703185927407874e-14
6.877525276675863304e-14
6.878357320630333804e-14
6.879199002041703076e-14
6.880050706726850242e-14
6.880912115208874706e-14
6.881783609455365260e-14
6.882664866210501156e-14
6.883556263549591089e-14
6.884457474393196667e-14
6.885368872887193035e-14
6.886290128089165678e-14
6.887221610183342897e-14
6.888162984329500483e-14
6.889114616722232368e-14
6.890076168592600232e-14
6.891048002121265464e-14
6.892029774583110653e-14
6.893021844123772394e-14
6.894023864037503283e-14
6.895036188416660251e-14
6.896058466553088291e-14
6.897091048470100072e-14
6.898133579437718171e-14
6.899186405396641327e-14
6.900249167577756412e-14
6.901322207827502123e-14
6.902405163322143973e-14
6.903498371803937377e-14
6.904601466380685451e-14
6.905714780682012574e-14
6.906837943734853523e-14
6.907971285049042574e-14
6.909114429559494824e-14
6.910267702650228808e-14
6.911430725154087966e-14
6.912603818326013625e-14
6.913786598900397493e-14
6.914979384029791169e-14
6.916181786383974867e-14
6.917394119055486804e-14
6.918615990696378019e-14
6.919847710399877773e-14
6.921088882862948534e-14
6.922339813251420642e-14
6.923600102379137353e-14
6.924870051564424655e-14
6.926149257817257453e-14
6.927438018694840808e-14
6.928735927488605729e-14
6.930043278086564524e-14
6.931359660152195828e-14
6.932685364001070144e-14
6.934019975763998038e-14
6.935363782285126576e-14
6.936716366262035119e-14
6.938078011172322885e-14
6.939448296383566472e-14
6.940827502115156253e-14
6.942215204511312485e-14
6.943611680644688420e-14
6.945016503545952363e-14
6.946429947255366148e-14
6.947851581802728285e-14
6.949281678312867601e-14
6.950719803930049321e-14
6.952166226983009406e-14
6.953620511848280080e-14
6.955082924180057176e-14
6.956553025707184351e-14
6.958031079532874383e-14
6.959516644860424538e-14
6.961009982367483325e-14
6.962510648855885022e-14
6.964018902704811352e-14
6.965534298441622539e-14
6.967057092283487524e-14
6.968586836629798461e-14
6.970123785691586641e-14
6.971667489896807607e-14
6.973218201610784063e-14
6.974775469451315977e-14
6.976339544102520838e-14
6.977909972536795063e-14
6.979487003924498958e-14
6.981070183760291779e-14
6.982659759870751564e-14
6.984255276443016395e-14
6.985856980132096054e-14
6.987464413990145848e-14
6.989077823674887506e-14
6.990696751278187747e-14
6.992321441636605751e-14
6.993951436058420711e-14
6.995586978736890253e-14
6.997227610375235992e-14
6.998873574702850196e-14
7.000524411998169924e-14
7.002180365707641337e-14
7.003840975866770201e-14
7.005506485821330142e-14
7.007176435547260985e-14
7.008851068473166751e-14
7.010529924700182646e-14
7.012213247924390812e-14
7.013900578558168054e-14
7.015592160750775016e-14
7.017287535413071603e-14
7.018986947334150285e-14
7.020689938111706284e-14
7.022396753362178026e-14
7.024106935559440336e-14
7.025820731335557873e-14
7.027537684230884820e-14
7.029258042082015852e-14
7.030981349686471757e-14
7.032707856273947802e-14
7.034437108089645703e-14
7.036169355943554856e-14
7.037904147710950122e-14
7.039641735954613030e-14
7.041381670350040678e-14
7.043124205376756007e-14
7.044868892673979556e-14
7.046615988796127774e-14
7.048365047504696849e-14
7.050116327582530525e-14
7.051869385067886112e-14
7.053624481121713748e-14
7.055381174210065279e-14
7.057139728018300014e-14
7.058899703588287455e-14
7.060661367273040601e-14
7.062424282835585084e-14
7.064188719437128525e-14
7.065954243704712238e-14
7.067721127745762623e-14
7.069488941191934410e-14
7.071257959232601024e-14
7.073027754642557112e-14
7.074798605826643831e-14
7.076570088839339361e-14
7.078342485432462645e-14
7.080115375074877498e-14
7.081889042994946953e-14
7.083663072208868135e-14
7.085437751549275473e-14
7.087212667710974692e-14
7.088988113256833141e-14
7.090763678689960190e-14
7.092539660427721265e-14
7.094315652909647962e-14
7.096091956530267236e-14
7.097868169791190250e-14
7.099644597178155844e-14
7.101420841362929952e-14
7.103197211018758601e-14
7.104973313084390441e-14
7.106749460499187098e-14
7.108525264538230277e-14
7.110301042462038237e-14
7.112076409934584070e-14
7.113851688578669459e-14
7.115626498487734099e-14
7.117401165677154093e-14
7.119175314700635395e-14
7.120949275987304079e-14
7.122722678573556204e-14
7.124495857315547182e-14
7.126268445747378038e-14
7.128040783158501497e-14
7.129812507589196549e-14
7.131583962762151385e-14
7.133354791226330903e-14
7.135125341131934788e-14
7.136895259533678023e-14
7.138664898998332492e-14
7.140433911078523879e-14
7.142202652741888469e-14
7.143970780026568066e-14
7.145738654281007356e-14
7.147505936012299444e-14
7.149272990925612550e-14
7.151039483976582931e-14
7.152805785199343271e-14
7.154571563974137048e-14
7.156337194632895725e-14
7.158102350953244833e-14
7.159867411530666688e-14
7.161632054509946039e-14
7.163396662712982794e-14
7.165160918618744007e-14
7.166925209234516316e-14
7.168689221329102475e-14
7.170453346031543175e-14
7.172217274333359322e-14
7.173981401408195064e-14
7.175745422387284885e-14
7.177509736388424735e-14
7.179274042579492000e-14
7.181038743907470265e-14
7.182803543461778069e-14
7.184568847893261244e-14
7.186334364088374517e-14
7.188100502268027581e-14
7.189866972983361948e-14
7.191634189884412655e-14
7.193401867047937497e-14
7.195170421405963568e-14
7.196939570415934161e-14
7.198709734139312825e-14
7.200480633264130206e-14
7.202252690823991231e-14
7.204025630582847941e-14
7.205799878384949770e-14
7.207575160911486678e-14
7.209351906652156303e-14
7.211129845043133614e-14
7.212909407051119293e-14
7.214690324701858655e-14
7.216473031267777950e-14
7.218257261196024098e-14
7.220043449890996308e-14
7.221831334050654776e-14
7.223621351035478406e-14
7.225413239621571008e-14
7.227207438947777859e-14
7.229003689693894528e-14
7.230802432597890845e-14
7.232603410067287668e-14
7.234407064258711987e-14
7.236213139129389917e-14
7.238022078067384304e-14
7.239833626387467575e-14
7.241648228507929676e-14
7.243465630901959400e-14
7.245286278814060474e-14
7.247109919673957824e-14
7.248936999346117808e-14
7.250767266013098662e-14
7.252601165951755457e-14
7.254438447892509699e-14
7.256279558316035396e-14
7.258124246294758703e-14
7.259972958303952774e-14
7.261825443551490549e-14
7.263682148297616844e-14
7.265542821678685838e-14
7.267407909530059342e-14
7.269277160709366149e-14
7.271151020417248061e-14
7.273029237025343805e-14
7.274912254889893422e-14
7.276799821689403320e-14
7.278692380726350616e-14
7.280589678779252402e-14
7.282492157887918622e-14
7.284399563724413847e-14
7.286312336857597587e-14
7.288230221647182890e-14
7.290153656983507438e-14
7.292082385708687553e-14
7.294016844827832291e-14
7.295956775460997338e-14
7.297902612522286547e-14
7.299854095206138560e-14
7.301811656130929371e-14
7.303775032362901099e-14
7.305744654021120228e-14
7.307720255842139608e-14
7.309702265243333634e-14
7.311690414431050064e-14
7.313685127919469624e-14
7.315686135185005499e-14
7.317693857640254429e-14
7.319708021844852374e-14
7.321729045933002487e-14
7.323756653379067862e-14
7.325791258875228115e-14
7.327832582652882076e-14
7.329881035807976771e-14
7.331936335179658936e-14
7.333998888121171104e-14
7.336068407937224893e-14
7.338145298098570924e-14
7.340229268239513843e-14
7.342320717814458445e-14
7.344419352656933359e-14
7.346525568076491477e-14
7.348639065980576433e-14
7.350760237410313213e-14
7.352888780226416486e-14
7.355025081082523392e-14
7.357168833676315035e-14
7.359320420159104019e-14
7.361479529953287391e-14
7.363646540596957046e-14
7.365821137128744348e-14
7.368003692366364144e-14
7.370193886859809052e-14
7.372392088602712582e-14
7.374597973554944492e-14
7.376811904785710064e-14
7.379033553566476747e-14
7.381263277944801115e-14
7.383500744408583914e-14
7.385746305889513988e-14
7.387999623999672834e-14
7.390261046463518847e-14
7.392530229928535237e-14
7.394807516827809419e-14
7.397092558768317699e-14
7.399385692820531645e-14
7.401686565485355590e-14
7.403995508420808176e-14
7.406312162990129463e-14
7.408636855418054190e-14
7.410969221919413228e-14
7.413309583281883502e-14
7.415657570575918089e-14
7.418013499161613791e-14
7.420376994981103310e-14
7.422748367987382156e-14
7.425127239020601776e-14
7.427513912656662132e-14
7.429908004669020109e-14
7.432309814294837694e-14
7.434718952284147180e-14
7.437135712581203502e-14
7.439559700963010582e-14
7.441991206133431721e-14
7.444429828953361625e-14
7.446875852944852139e-14
7.449328874115453051e-14
7.451789170869506958e-14
7.454256334429366214e-14
7.456730638150807509e-14
7.459211668544044380e-14
7.461699693990018973e-14
7.464194296364410984e-14
7.466695739151249800e-14
7.469203599673450186e-14
7.471718136599911554e-14
7.474238922786373251e-14
7.476766212171935486e-14
7.479299573234287062e-14
7.481839255271287139e-14
7.484384822474955269e-14
7.486936519594303477e-14
7.489493906637015979e-14
7.492057223911989206e-14
7.494626027360424069e-14
7.497200552970807575e-14
7.499780352752720993e-14
7.502365658519570279e-14
7.504956018506219600e-14
7.507551660512042654e-14
7.510152129167209383e-14
7.512757648429219706e-14
7.515367759503727695e-14
7.517982682687502149e-14
7.520601955950187470e-14
7.523225796116453760e-14
7.525853738115582090e-14
7.528485995495190668e-14
7.531122100346006786e-14
7.533762263139151709e-14
7.536406013333947514e-14
7.539053558530386148e-14
7.541704425768211929e-14
7.544358819985781178e-14
7.547016266019169789e-14
7.549676966358191874e-14
7.552340443854686978e-14
7.555006898766115282e-14
7.557675852182558951e-14
7.560347502347911336e-14
7.563021368815612882e-14
7.565697648036948157e-14
7.568375858256013848e-14
7.571056194354242388e-14
7.573738173495483274e-14
7.576421989215493405e-14
7.579107157828426942e-14
7.581793871749546541e-14
7.584481646674992536e-14
7.587170674125450481e-14
7.589860469412029693e-14
7.592551223391268050e-14
7.595242451232109511e-14
7.597934343366957419e-14
7.600626415069888802e-14
7.603318856589388817e-14
7.606011183551394225e-14
7.608703586259896958e-14
7.611395580938838306e-14
7.614087358186327841e-14
7.616778435069793535e-14
7.619469002719052355e-14
7.622158579289607491e-14
7.624847356679384092e-14
7.627534854375443427e-14
7.630221265278787047e-14
7.632906110450190618e-14
7.635589584027051901e-14
7.638271208884455964e-14
7.640951180627661191e-14
7.643629024184896313e-14
7.646304936858623031e-14
7.648978445867039882e-14
7.651649750436891488e-14
7.654318380310942067e-14
7.656984536864756741e-14
7.659647752597829069e-14
7.662308231256358478e-14
7.664965508326092308e-14
7.667619790142723337e-14
7.670270615404894320e-14
7.672918193253531591e-14
7.675562065823739020e-14
7.678202445274056788e-14
7.680838877396362957e-14
7.683471577575636284e-14
7.686100095477326935e-14
7.688724649917957342e-14
7.691344794649699989e-14
7.693960752121844886e-14
7.696572080383014027e-14
7.699179005713474820e-14
7.701781090665059845e-14
7.704378565541002458e-14
7.706970997584483470e-14
7.709558621284088889e-14
7.712141008736990677e-14
7.714718398760565125e-14
7.717290368452727461e-14
7.719857161088867248e-14
7.722418358901435048e-14
7.724974209740989007e-14
7.727524301097038375e-14
7.730068885501671048e-14
7.732607555813808951e-14
7.735140569343596017e-14
7.737667524422339067e-14
7.740188683225628710e-14
7.742703649651345394e-14
7.745212690819360747e-14
7.747715416280054100e-14
7.750212098168295374e-14
7.752702351765044865e-14
7.755186454283131990e-14
7.757664026804687808e-14
7.760135351676098882e-14
7.762600055844032129e-14
7.765058426836929169e-14
7.767510097522457544e-14
7.769955360652760736e-14
7.772393855066283408e-14
7.774825878773932930e-14
7.777251076628228821e-14
7.779669751927519009e-14
7.782081555575447828e-14
7.784486796180293243e-14
7.786885130727769203e-14
7.789276873152620762e-14
7.791661686547286860e-14
7.794039890180916209e-14
7.796411153265310921e-14
7.798775800399974304e-14
7.801133506916936235e-14
7.803484602716282373e-14
7.805828769211334710e-14
7.808166341538895078e-14
7.810497007129867917e-14
7.812821106273376998e-14
7.815138332336293026e-14
7.817449030659631516e-14
7.819752900450040157e-14
7.822050291986618192e-14
7.824340910207197596e-14
7.826625110203696535e-14
7.828902602525789870e-14
7.831173746942929466e-14
7.833438259487858148e-14
7.835696504463490237e-14
7.837948203248535024e-14
7.840193724527549530e-14
7.842432794880719227e-14
7.844665787215562887e-14
7.846892433162733987e-14
7.849113109687988798e-14
7.851327553315640928e-14
7.853536144899670103e-14
7.855738625696179590e-14
7.857935380272654398e-14
7.860126154450675377e-14
7.862311336332517327e-14
7.864490676135037841e-14
7.866664565313096096e-14
7.868832758305327516e-14
7.870995649734035683e-14
7.873152998083332902e-14
7.875305200955411379e-14
7.877452020701194036e-14
7.879593857712668940e-14
7.881730478023128905e-14
7.883862284613690578e-14
7.885989047004990050e-14
7.888111170559342699e-14
7.890228428075586355e-14
7.892341227067060660e-14
7.894449343383021277e-14
7.896553186445165878e-14
7.898652534915552960e-14
7.900747799873709884e-14
7.902838762550145473e-14
7.904925835426185345e-14
7.907008802051624725e-14
7.909088076049688741e-14
7.911163443036932655e-14
7.913235317515986061e-14
7.915303486915403836e-14
7.917368366353162422e-14
7.919429744813817695e-14
7.921488037765987825e-14
7.923543035493830962e-14
7.925595153552023059e-14
7.927644183268275432e-14
7.929690540019587317e-14
7.931734015922154806e-14
7.933775025913074213e-14
7.935813362643571080e-14
7.937849440350654804e-14
7.939883051969332593e-14
7.941914610778931656e-14
7.943943909749665117e-14
7.945971360948671276e-14
7.947996757135957698e-14
7.950020508915536487e-14
7.952042408595378979e-14
7.954062865069365480e-14
7.956081669955649484e-14
7.958099230195329672e-14
7.960115336482903129e-14
7.962130393565915202e-14
7.964144190979568138e-14
7.966157131035494422e-14
7.968169001876373788e-14
7.970180203142443937e-14
7.972190521359464610e-14
7.974200353269307667e-14
7.976209483563872319e-14
7.978218305867001531e-14
7.980226602826846497e-14
7.982234764736661772e-14
7.984242571997903757e-14
7.986250411367715716e-14
7.988258060804841842e-14
7.990265903331899811e-14
7.992273714275890339e-14
7.994281872733630097e-14
7.996290151218396839e-14
7.998298924717152994e-14
8.000307962754620320e-14
8.002317636031130215e-14
8.004327710915252734e-14
8.006338553651283835e-14
8.008349927291332714e-14
8.010362193461722521e-14
8.012375111745206466e-14
8.014389038995696122e-14
8.016403731181125283e-14
8.018419540236195137e-14
8.020436218376132226e-14
8.022454112477240731e-14
8.024472970871760512e-14
8.026493135246175780e-14
8.028514349927110337e-14
8.030536951287570375e-14
8.032560679533725684e-14
8.034585865609255481e-14
8.036612245492798723e-14
8.038640144590715747e-14
8.040669294554320614e-14
8.042700015151349898e-14
8.044732033612713490e-14
8.046765663976060508e-14
8.048800628981361149e-14
8.050837236878231774e-14
8.052875205874217636e-14
8.054914838394912610e-14
8.056955848092686257e-14
8.058998531549847875e-14
8.061042597856140700e-14
8.063088337745516765e-14
8.065135455750964629e-14
8.067184236765575128e-14
8.069234380783370013e-14
8.071286166875430808e-14
8.073339290525451260e-14
8.075394025011758331e-14
8.077450061346325247e-14
8.079507667053585586e-14
8.081566528721690431e-14
8.083626908168983684e-14
8.085688487616328471e-14
8.087751523232123197e-14
8.089815692934577877e-14
8.091881247306146651e-14
8.093947860034644818e-14
8.096015776187938194e-14
8.098084665302873665e-14
8.100154767011074602e-14
8.102225746784636293e-14
8.104297838903803426e-14
8.106370704868571092e-14
8.108444573698906740e-14
8.110519103021407539e-14
8.112594516692748151e-14
8.114670468570608349e-14
8.116747177450926974e-14
8.118824293532631776e-14
8.120902030660335103e-14
8.122980035493203197e-14
8.125058517042582205e-14
8.127137118556124187e-14
8.129216044351091924e-14
8.131294934424364114e-14
8.133373988565707398e-14
8.135452843701491299e-14
8.137531695276316685e-14
8.139610177339677069e-14
8.141688481185043348e-14
8.143766238189033718e-14
8.145843635697197147e-14
8.147920302625538162e-14
8.149996422582284420e-14
8.152071622241781744e-14
8.154146081691465551e-14
8.156219425588373738e-14
8.158291830720452101e-14
8.160362919956060175e-14
8.162432867008671342e-14
8.164501293189948679e-14
8.166568369366748999e-14
8.168633715528492170e-14
8.170697499925303865e-14
8.172759341460535598e-14
8.174819405998756013e-14
8.176877311594455590e-14
8.178933221958439783e-14
8.180986754533929057e-14
8.183038071109748158e-14
8.185086788755229036e-14
8.187133067568461783e-14
8.189176524481497617e-14
8.191217318131823528e-14
8.193255065549529105e-14
8.195289924140035658e-14
8.197321511265029510e-14
8.199349983324682101e-14
8.201374958246026706e-14
8.203396591655047933e-14
8.205414502288400257e-14
8.207428845241679866e-14
8.209439240313524717e-14
8.211445842316692178e-14
8.213448272366084485e-14
8.215446685239650673e-14
8.217440703622498523e-14
8.219430482504578707e-14
8.221415646393306821e-14
8.223396350735005350e-14
8.225372222108545226e-14
8.227343416657495950e-14
8.229309563277484193e-14
8.231270819045852215e-14
8.233226815415632960e-14
8.235177710629421009e-14
8.237123138932951963e-14
8.239063259959809370e-14
8.240997710977757771e-14
8.242926653230823212e-14
8.244849727231573496e-14
8.246767096047099793e-14
8.248678403650532303e-14
8.250583815137290192e-14
8.252482978149279895e-14
8.254376060007798278e-14
8.256262712223810333e-14
8.258143104533846268e-14
8.260016892509881578e-14
8.261884248484490523e-14
8.263744832273914644e-14
8.265598818978718685e-14
8.267445872833372363e-14
8.269286171867599610e-14
8.271119384896044520e-14
8.272945693027097653e-14
8.274764769806769933e-14
8.276576799562668318e-14
8.278381460716877942e-14
8.280178940950402986e-14
8.281968923697420085e-14
8.283751600116257532e-14
8.285526658778717108e-14
8.287294294433874274e-14
8.289054200906154204e-14
8.290806576638282329e-14
8.292551120811739781e-14
8.294288035655251696e-14
8.296017025801172815e-14
8.297738297345993095e-14
8.299451560456127215e-14
8.301157025166971325e-14
8.302854407251557573e-14
8.304543920744714759e-14
8.306225287087978323e-14
8.307898724365523786e-14
8.309563959738616612e-14
8.311221215380122375e-14
8.312870224211626929e-14
8.314511212523443354e-14
8.316143919027476065e-14
8.317768574148694172e-14
8.319384922402534388e-14
8.320993198344645995e-14
8.322593152288067032e-14
8.324185022899357468e-14
8.325768566268876000e-14
8.327344025141038120e-14
8.328911161350633361e-14
8.330470221674948734e-14
8.332020973648714117e-14
8.333563668026116780e-14
8.335098077986671055e-14
8.336624458195183743e-14
8.338142587410729351e-14
8.339652724132882397e-14
8.341154652626029969e-14
8.342648635140554262e-14
8.344134461363956903e-14
8.345612397205301427e-14
8.347082237684609952e-14
8.348544252269443285e-14
8.349998241213764186e-14
8.351444477435728445e-14
8.352882766317104228e-14
8.354313384111549394e-14
8.355736141215321747e-14
8.357151317094473475e-14
8.358558727032819883e-14
8.359958653567462548e-14
8.361350916727008124e-14
8.362735801966375445e-14
8.364113133906083794e-14
8.365483200756912966e-14
8.366845831570499776e-14
8.368201317144572820e-14
8.369549490794658030e-14
8.370890645730877450e-14
8.372224619360150649e-14
8.373551707125785375e-14
8.374871750349311737e-14
8.376185046524294549e-14
8.377491440706630473e-14
8.378791232254271873e-14
8.380084269774516718e-14
8.381370854301616507e-14
8.382650837809244137e-14
8.383924522818285357e-14
8.385191764482350501e-14
8.386452866618297567e-14
8.387707687371506387e-14
8.388956531658388417e-14
8.390199260418467553e-14
8.391436179464139679e-14
8.392667152327166018e-14
8.393892485509026968e-14
8.395112044928287812e-14
8.396326137566076576e-14
8.397534631521489989e-14
8.398737834046530717e-14
8.399935615215736988e-14
8.401128282345035706e-14
8.402315707281464873e-14
8.403498197200599784e-14
8.404675625521979883e-14
8.405848299080008855e-14
8.407016092670327730e-14
8.408179312589445599e-14
8.409337834816972641e-14
8.410491964919447719e-14
8.411641579873105157e-14
8.412786984327094123e-14
8.413928056069018257e-14
8.415065098643442230e-14
8.416197990465541980e-14
8.417327033791648337e-14
8.418452107485147811e-14
8.419573512335767739e-14
8.420691127481415702e-14
8.421805252073168133e-14
8.422915765356347700e-14
8.424022964678352758e-14
8.425126729232051142e-14
8.426227354403807464e-14
8.427324719181915840e-14
8.428419116842498832e-14
8.429510426025383556e-14
8.430598937755765706e-14
8.431684530189697450e-14
8.432767491969648515e-14
8.433847700641282059e-14
8.434925442340547478e-14
8.436000593883309355e-14
8.437073438782844878e-14
8.438143853012854708e-14
8.439212117353457861e-14
8.440278106829573685e-14
8.441342099385612364e-14
8.442403969000353879e-14
8.443463990689647500e-14
8.444522037298449107e-14
8.445578380831080347e-14
8.446632892920837043e-14
8.447685842487563147e-14
8.448737099885000637e-14
8.449786930885630304e-14
8.450835204505737890e-14
8.451882183317687056e-14
8.452927734952609625e-14
8.453972118740475493e-14
8.455015200889821329e-14
8.456057237456092016e-14
8.457098093197721173e-14
8.458138020873442115e-14
8.459176883773839197e-14
8.460214931348471424e-14
8.461252025411862160e-14
8.462288412101494355e-14
8.463323951756920905e-14
8.464358887209889884e-14
8.465393077335169490e-14
8.466426761674155077e-14
8.467459797655973593e-14
8.468492421556812771e-14
8.469524489389512769e-14
8.470556234199891059e-14
8.471587510622750033e-14
8.472618548516869979e-14
8.473649201185275591e-14
8.474679695350836993e-14
8.475709883038503043e-14
8.476739987893587954e-14
8.477769860723366248e-14
8.478799722159452308e-14
8.479829421855530859e-14
8.480859177497084596e-14
8.481888837654064919e-14
8.482918617140717924e-14
8.483948363519820322e-14
8.484978288815044842e-14
8.486008239663694253e-14
8.487038425384284518e-14
8.488068691774546995e-14
8.489099245537129837e-14
8.490129931719593023e-14
8.491160954501187802e-14
8.492192158271474542e-14
8.493223744781583054e-14
8.494255557859057644e-14
8.495287796926855989e-14
8.496320305350025237e-14
8.497353280325500218e-14
8.498386564856705405e-14
8.499420354017456845e-14
8.500454490550546940e-14
8.501489167509322060e-14
8.502524227476184671e-14
8.503559861585464025e-14
8.504595912357842110e-14
8.505632569108190356e-14
8.506669674391783250e-14
8.507707415800982249e-14
8.508745636018972165e-14
8.509784521009313585e-14
8.510823913672857609e-14
8.511863998434177978e-14
8.512904618497375281e-14
8.513945956834031089e-14
8.514987857035447952e-14
8.516030500706408103e-14
8.517073731907687307e-14
8.518117730959374364e-14
8.519162342468295820e-14
8.520207745544912522e-14
8.521253785410889206e-14
8.522300640034056408e-14
8.523348155310374445e-14
8.524396508121527246e-14
8.525445545087010779e-14
8.526495442049305265e-14
8.527546046391202173e-14
8.528597532953487412e-14
8.529649749912599531e-14
8.530702871135947074e-14
8.531756745615635621e-14
8.532811546266462957e-14
8.533867122909929135e-14
8.534923647519824378e-14
8.535980970751140237e-14
8.537039263638416326e-14
8.538098377664185792e-14
8.539158482915461540e-14
8.540219431686305067e-14
8.541281393097839152e-14
8.542344220229438215e-14
8.543408081207788240e-14
8.544472829861364701e-14
8.545538633284502238e-14
8.546605346009600261e-14
8.547673134051604501e-14
8.548741852592211263e-14
8.549811666510502500e-14
8.550882431573325032e-14
8.551954311458030301e-14
8.553027162443443430e-14
8.554101146930771156e-14
8.555176121630956412e-14
8.556252247595101419e-14
8.557329381891644462e-14
8.558407684147314202e-14
8.559487011704085497e-14
8.560567522667226756e-14
8.561649074537593211e-14
8.562731823781876836e-14
8.563815627936246064e-14
8.564900641704360691e-14
8.565986722528320325e-14
8.567074023229365744e-14
8.568162401053431461e-14
8.569252006859592338e-14
8.570342697621893458e-14
8.571434622172674557e-14
8.572527637149596543e-14
8.573621889304831006e-14
8.574717234926610075e-14
8.575813818703370743e-14
8.576911496553885607e-14
8.578010411016861127e-14
8.579110417404674414e-14
8.580211655775756055e-14
8.581313980556019337e-14
8.582417529197499677e-14
8.583522155458580050e-14
8.584627994636504010e-14
8.585734900147375990e-14
8.586843005007471586e-14
8.587952161488639234e-14
8.589062499375022271e-14
8.590173869887980299e-14
8.591286402046149819e-14
8.592399950957105769e-14
8.593514649713123233e-14
8.594630356613662359e-14
8.595747196884101157e-14
8.596865008752261739e-14
8.597983887486748859e-14
8.599103656559345074e-14
8.600224436314005077e-14
